0. -2.0123659054449416 1.0953082576485162
0.0799999999999983 -1.9517693377539798 0.9284672058065079
0.16000000000000014 -1.9006110494000465 0.7602228317771607
0.23999999999999844 -1.8588561934364587 0.5909713324473205
0.3200000000000003 -1.8264323402726468 0.42108634066056094
0.3999999999999986 -1.8032348852786486 0.25091867052852423
0.4800000000000004 -1.7891324017995245 0.08079645742172899
0.5599999999999987 -1.7839718587871563 -0.0889743040844556
0.6400000000000006 -1.78758363600538 -0.2581088229262474
0.7199999999999989 -1.7997862827850892 -0.42634217556170856
0.8000000000000007 -1.820390978194279 -0.5934275742266807
0.879999999999999 -1.8492056608694127 -0.7591342452291873
0.9600000000000009 -1.8860388053137433 -0.923244926681074
1.0399999999999991 -1.9307028279323217 -1.0855529996940898
1.120000000000001 -1.9830171102162555 -1.2458592729834777
1.1999999999999993 -2.0428106281323286 -1.403968448271499
1.2800000000000011 -2.109924175821451 -1.5596853030691813
1.3599999999999994 -2.184212168119107 -1.7128106384613824
1.4400000000000013 -2.2655440002869147 -1.8631370524346338
1.5199999999999996 -2.353804934911998 -2.0104446139093555
1.5999999999999979 -2.4488964756239797 -2.1544965285992825
1.6799999999999997 -2.550736175764192 -2.2950349045047655
1.759999999999998 -2.659256818355364 -2.4317767413516087
1.8399999999999999 -2.7744048929288088 -2.5644102834367217
1.9199999999999982 -2.8961382865182976 -2.69259188769033
2. -3.0244231022898673 -2.81594356668416
2.0799999999999983 -3.1592295218745643 -2.9340513680784763
2.16 -3.300526638635552 -3.046464745968356
2.2399999999999984 -3.44827621078417 -3.1526970643707153
2.3200000000000003 -3.60242531706052 -3.252227347785472
2.3999999999999986 -3.762897944479204 -3.344503358154397
2.4800000000000004 -3.9295855973078258 -3.4289460322922682
2.5599999999999987 -4.102337087601233 -3.5049552606262555
2.6400000000000006 -4.280947747389859 -3.5719169295191366
2.719999999999999 -4.465148386602757 -3.62921108913749
2.8000000000000007 -4.654594403136781 -3.6762210510224684
2.879999999999999 -4.848855525144923 -3.712343168818545
2.960000000000001 -5.047406722985687 -3.7369970165095454
3.039999999999999 -5.249620861690005 -3.749635654875627
3.120000000000001 -5.454763667509428 -3.749755671516157
3.1999999999999993 -5.661991548954796 -3.736906693900254
3.280000000000001 -5.870352740998356 -3.710700107927612
3.3599999999999994 -6.078792131095713 -3.6708167638374274
3.4400000000000013 -6.28615998094401 -3.6170135125929535
3.5199999999999996 -6.491224585343494 -3.549128483261377
3.599999999999998 -6.692688718884106 -3.467085078741091
3.6799999999999997 -6.889209524375096 -3.3708947267860765
3.759999999999998 -7.079421307006429 -3.2606584698750716
3.84 -7.261960528297011 -3.1365675070095476
3.919999999999998 -7.435492155838691 -2.998902811277902
4. -7.598736428514156 -2.8480339399089685
4.079999999999998 -7.750495049038236 -2.684417131955083
4.16 -7.889675819684511 -2.5085927580544216
4.239999999999998 -8.015314792655028 -2.321182153364452
4.32 -8.126595109914534 -2.1228838352180914
4.399999999999999 -8.222861851632272 -1.9144690868282788
4.48 -8.303632388325862 -1.6967768811446946
4.559999999999999 -8.368601928526886 -1.4707081261230026
4.640000000000001 -8.417644159502501 -1.2372192332134295
4.719999999999999 -8.450807081681265 -0.9973150417290001
4.800000000000001 -8.46830432713757 -0.7520411684116254
4.879999999999999 -8.47050241962583 -0.5024758887714535
4.960000000000001 -8.457904571019549 -0.24972168960508634
5.039999999999999 -8.431131711862676 0.005103343702168109
5.120000000000001 -8.39090151976304 0.26087412876129495
5.199999999999999 -8.338006238557357 0.5164670003612234
5.280000000000001 -8.273290075650543 0.7707677734401117
5.359999999999999 -8.197626928405949 1.0226793142966357
5.440000000000001 -8.111899127756033 1.2711285108495252
5.52 -8.016977803921524 1.5150725689255062
5.600000000000001 -7.913705380868734 1.7535045991187426
5.68 -7.802880598537662 1.9854584944969607
5.759999999999998 -7.685246349919797 2.2100131306233854
5.84 -7.561480508200306 2.4262959440164376
5.919999999999998 -7.4321898111108515 2.6334859620542277
6. -7.2979067682975645 2.830816366046619
6.079999999999998 -7.159089465257627 3.0175766700324287
6.16 -7.016124055933152 3.193114591721055
6.239999999999998 -6.86932966664903 3.356837680244133
6.32 -6.71896537762985 3.5082147496437113
6.399999999999999 -6.565238905349316 3.646777149043053
6.48 -6.408316579768147 3.7721198819514257
6.559999999999999 -6.248334195094014 3.8839025696884457
6.640000000000001 -6.085408310771364 3.981850238777042
6.719999999999999 -5.9196475904911665 4.065753900300392
6.800000000000001 -5.751163790162425 4.13547088125959
6.879999999999999 -5.58008203990622 4.190924864130387
6.960000000000001 -5.406550108682782 4.2321055910019085
7.039999999999999 -5.230746391375289 4.259068192503828
7.120000000000001 -5.052886415004701 4.271932108576656
7.199999999999999 -4.873227721067199 4.270879577279208
7.280000000000001 -4.692073042473291 4.256153678440673
7.359999999999999 -4.509771754014211 4.228055930270878
7.440000000000001 -4.326719632553445 4.186943448313399
7.52 -4.143357015352148 4.133225686764032
7.600000000000001 -3.9601654905101107 4.067360791718962
7.68 -3.777663291215621 3.98985160405677
7.759999999999998 -3.5963995945576572 3.9012413562204977
7.84 -3.416947945677441 3.802109112111562
7.919999999999998 -3.239899039058008 3.693065002674552
8. -3.0658530911820607 3.574745311664943
8.079999999999998 -2.8954120333538382 3.447807466694256
8.16 -2.7291717411621153 3.3129249901095976
8.239999999999998 -2.5677144990234666 3.170782462756511
8.32 -2.4116018757378788 3.022070551346255
8.399999999999999 -2.261368161310365 2.8674811471443675
8.48 -2.1175144876858534 2.7077026601410363
8.559999999999999 -1.9805037276746749 2.54341550886626
8.64 -1.8507562382488703 2.3752878416826513
8.719999999999999 -1.7286464874315108 2.203971520822167
8.8 -1.6145005788988391 2.030098395734
8.879999999999999 -1.5085946657004927 1.8542768875754903
8.96 -1.4111542245460291 1.6770889020084994
9.04 -1.32235414513595 1.4990870829536451
9.120000000000001 -1.2423195751204086 1.3207924157000714
9.2 -1.1711274504350748 1.1426921838513338
9.280000000000001 -1.1088086328889306 0.9652382810865078
9.36 -1.055350571791096 0.7888458756942068
9.440000000000001 -1.0107004038877847 0.6138924233492045
9.52 -0.9747684056883089 0.4407170216899412
9.600000000000001 -0.9474317141240599 0.26962009894971556
9.68 -0.928538235137964 0.10086342821499353
9.759999999999998 -0.9179106649741374 -0.06532954116104171
9.84 -0.915350555370984 -0.22877304287700106
9.919999999999998 -0.920642361306512 -0.38931805042517087
10. -0.9335574181699908 -0.5468510361763105
10.079999999999998 -0.95385780401642 -0.7012924354370119
10.16 -0.9813000516866263 -0.852594815386235
10.239999999999998 -1.0156386848376964 -1.0007407457599629
10.32 -1.056629561112157 -1.1457403649600542
10.399999999999999 -1.1040330145568948 -1.2876286321219474
10.48 -1.157616797736308 -1.4264622528466528
10.559999999999999 -1.2171588314913369 -1.5623162641051616
10.64 -1.2824497766549887 -1.69528026263883
10.719999999999999 -1.3532954468719718 -1.8254542614483595
10.8 -1.4295190845516634 -1.9529441611811493
10.879999999999999 -1.5109635224178553 -2.0778568279257668
10.96 -1.5974932505503499 -2.2002947766507526
11.04 -1.688996402660795 -2.3203504708127265
11.120000000000001 -1.7853866650032508 -2.438100263962066
11.2 -1.8866050962417167 -2.553598028816059
11.280000000000001 -1.99262182634355 -2.6668685433573693
11.36 -2.1034375769275675 -2.7779007318513123
11.440000000000001 -2.2190849146002334 -2.8866408906593555
11.52 -2.3396291133005995 -2.992986063262031
11.600000000000001 -2.465168462829554 -3.0967777643352896
11.68 -2.5958338206908236 -3.1977962867785266
11.760000000000002 -2.731787166170056 -3.2957558554238506
11.84 -2.8732188832915955 -3.3903009134106785
11.919999999999998 -3.0203434779447744 -3.481003838223651
12. -3.1733934298551194 -3.5673643804429123
12.079999999999998 -3.3326108983382348 -3.648811095929962
12.159999999999997 -3.498237047904396 -3.7247049987776073
12.240000000000002 -3.6704988407718435 -3.7943455963725508
12.32 -3.8495932612718 -3.8569793794675067
12.399999999999999 -4.035669092209904 -3.9118107313611485
12.479999999999997 -4.228806551826678 -3.9580150955519224
12.560000000000002 -4.42899531389709 -3.994754107392849
12.64 -4.6361116596920535 -4.0211922614483315
12.719999999999999 -4.84989573133286 -4.036514563491546
12.799999999999997 -5.069930050256984 -4.039944516621945
12.880000000000003 -5.295620608878851 -4.030761727224787
12.96 -5.526181915403348 -4.008318399508935
13.04 -5.760627351817093 -3.972054025216771
13.119999999999997 -5.997766080442051 -3.921507671027432
13.200000000000003 -6.236207501200964 -3.8563274170263266
13.280000000000001 -6.474373926874853 -3.7762766948943938
13.36 -6.710521725346212 -3.6812374964340613
13.439999999999998 -6.942770704504936 -3.5712106482087194
13.520000000000003 -7.16914102298079 -3.4463135499581057
13.600000000000001 -7.387596437562507 -3.306775927632586
13.68 -7.5960922845483365 -3.1529342362635897
13.759999999999998 -7.792626270590301 -2.985225352595385
13.839999999999996 -7.975289943459422 -2.804180123300813
13.920000000000002 -8.142318638421616 -2.6104171945974883
14. -8.292137754154192 -2.4046373662159493
14.079999999999998 -8.423403395395404 -2.1876185161381474
14.159999999999997 -8.535035711079274 -1.9602109625584903
14.240000000000002 -8.626243633253871 -1.7233329921458365
14.32 -8.696540156242161 -1.47796620657786
14.399999999999999 -8.745747757966683 -1.2251503293478638
14.479999999999997 -8.773994027135062 -0.9659771678904869
14.560000000000002 -8.78169799415081 -0.701583528750272
14.64 -8.769548046960056 -0.43314301634238206
14.719999999999999 -8.73847262745685 -0.1618567870852197
14.799999999999997 -8.689605137290284 0.11105654010276272
14.880000000000003 -8.624244628164714 0.38437151491290344
14.96 -8.543813911431672 0.6568666637425
15.04 -8.449816700956333 0.9273350898106572
15.119999999999997 -8.343795312407915 1.1945945001678089
15.200000000000003 -8.227290294783495 1.4574963478399203
15.280000000000001 -8.101803181113185 1.7149338546577877
15.36 -7.968763330003142 1.965848770766284
15.439999999999998 -7.829499601832583 2.2092368198515606
15.520000000000003 -7.685217384971223 2.444151865610233
15.600000000000001 -7.5369812678129575 2.6697089078925753
15.68 -7.38570344858266 2.885086071623999
15.759999999999998 -7.232137791349965 3.089525785843149
15.840000000000003 -7.076879275911567 3.2823353638888246
15.920000000000002 -6.920368452229917 3.462887190598517
16. -6.762900396825815 3.630618701324213
16.08 -6.604637578348282 3.785032304422479
16.159999999999997 -6.445625971590668 3.925695357852067
16.240000000000002 -6.28581371267033 4.052240265852165
16.32 -6.125071562198481 4.164364717327774
16.4 -5.963214437400875 4.261832046970171
16.479999999999997 -5.8000232877074005 4.344471666011795
16.560000000000002 -5.63526662057257 4.412179483757341
16.64 -5.468721034163148 4.464918224681142
16.72 -5.30019017961296 4.502717539134526
16.799999999999997 -5.129521655761884 4.525673807974392
16.880000000000003 -4.956621431133466 4.53394955150561
16.96 -4.781465488190333 4.527772369331718
17.04 -4.604108490146305 4.50743335810479
17.119999999999997 -4.424689376954582 4.473284976736748
17.200000000000003 -4.243433900683229 4.4257383515044255
17.28 -4.060654207581334 4.365260035035901
17.36 -3.87674566140996 4.292368252165981
17.439999999999998 -3.6921811772463022 4.2076286812831
17.520000000000003 -3.5075033949058527 4.1116498316617545
17.6 -3.323315065039199 4.005078085359982
17.68 -3.1402680484130117 3.8885924768357563
17.759999999999998 -2.959051340159909 3.762899284956662
17.840000000000003 -2.780378526931049 3.6287265111276454
17.92 -2.6049750675205696 3.486818314416466
18. -2.43356575871045 3.337929470369202
18.08 -2.2668627101560457 3.182819915130935
18.159999999999997 -2.105554107562606 3.022249430870815
18.240000000000002 -1.9502939946248374 2.856972522615662
18.32 -1.8016932535264274 2.6877335305829346
18.4 -1.6603119132588173 2.5152620160807535
18.479999999999997 -1.526652866376261 2.3402684530754194
18.560000000000002 -1.4011570294558688 2.163440251661993
18.64 -1.2841999415315963 1.9854381339558342
18.72 -1.17608975884192 1.8068928774008315
18.799999999999997 -1.0770665737888387 1.6284024352168271
18.880000000000003 -0.9873029612047051 1.4505294387440248
18.96 -0.9069056358033554 1.273799081842663
19.04 -0.8359180908168898 1.0986973833245226
19.119999999999997 -0.7743240789296799 0.9256698196705214
19.200000000000003 -0.7220517922634334 0.7551203170569408
19.28 -0.6789785978326144 0.5874105889906651
19.36 -0.6449361880380048 0.4228598036515945
19.439999999999998 -0.6197160118497188 0.26174456336161545
19.520000000000003 -0.6030748608107636 0.10429917744532713
19.6 -0.5947404943534369 -0.0492837908815458
19.68 -0.5944172006843217 -0.1988527230626249
19.759999999999998 -0.6017912022185958 -0.3442959082304071
19.840000000000003 -0.6165358278454856 -0.48554028879827205
19.92 -0.6383163878413763 -0.6225500052140169
20. -0.666794700728824 -0.7553247544740459
20.08 -0.7016332345711181 -0.883897974505408
20.159999999999997 -0.7424988378975724 -1.0083348635820242
20.240000000000002 -0.7890660475238017 -1.1287302406149302
20.32 -0.8410199718434137 -1.2452062485323594
20.4 -0.8980587586295433 -1.3579098991595397
20.479999999999997 -0.9598956659236173 -1.4670104541625717
20.560000000000002 -1.0262607631401606 -1.5726966329062648
20.64 -1.0969022970215836 -1.675173634689282
20.72 -1.171587763470309 -1.7746599599833925
20.799999999999997 -1.2501047314916836 -1.8713840132613613
20.880000000000003 -1.3322614694016575 -1.965580469011865
20.96 -1.4178874259637124 -2.057486382887093
21.04 -1.5068336200589372 -2.1473370318896414
21.119999999999997 -1.5989729916561952 -2.2353614713610486
21.200000000000003 -1.694200763987207 -2.3217778025466083
21.28 -1.792434861635588 -2.4067881529144874
21.36 -1.8936164213772804 -2.4905733823834537
21.439999999999998 -1.9977104216632442 -2.573287542277706
21.520000000000003 -2.104706442210294 -2.6550521301977668
21.6 -2.214619546859402 -2.73595020298203
21.68 -2.3274912603257993 -2.8160204312998225
21.759999999999998 -2.4433905824846684 -2.8952512027842663
21.840000000000003 -2.5624149523953017 -2.973574905418858
21.92 -2.6846910386816254 -3.050862548389484
22. -2.8103751939352724 -3.1269189028338147
22.08 -2.93965336991058 -3.201478368646346
22.159999999999997 -3.072740249639522 -3.2742017942049078
22.240000000000002 -3.209877315413531 -3.344674491706971
22.32 -3.3513295421153724 -3.412405699446824
22.4 -3.4973803890191526 -3.4768297411382187
22.479999999999997 -3.648324766219568 -3.5373091182007146
22.560000000000002 -3.804459681180412 -3.593139740525856
22.64 -3.9660723332858883 -3.643558451488118
22.72 -4.133425525397686 -3.6877529313865702
22.799999999999997 -4.306740404653757 -3.7248739689623314
22.880000000000003 -4.486176729777079 -3.75404997408819
22.96 -4.6718110837223925 -3.774403470004447
23.04 -4.863613697385453 -3.785069157822786
23.119999999999997 -5.061424804901617 -3.7852130003224183
23.200000000000003 -5.264931690658898 -3.7740516404414337
23.28 -5.4736477854572865 -3.7508713686652793
23.36 -5.686895295794714 -3.7150457994649133
23.439999999999998 -5.903792879971954 -3.6660514247472302
23.520000000000003 -6.123249797671156 -3.603480291807533
23.6 -6.343967746203121 -3.5270492068086137
23.68 -6.564451259928238 -3.4366050850301897
23.759999999999998 -6.783027106930205 -3.3321263383204918
23.840000000000003 -6.997872599707133 -3.21372048134433
23.92 -7.207052185660756 -3.0816184180247
24. -7.408561145328466 -2.9361661031593056
24.08 -7.600374748180565 -2.7778144308318296
24.159999999999997 -7.780500838113692 -2.607108259904228
24.240000000000002 -7.947033573593568 -2.4246754404034596
24.32 -8.098205947589488 -2.2312165614564363
24.4 -8.232438762760184 -2.0274959244985538
24.479999999999997 -8.348383927843605 -1.814333988222738
24.560000000000002 -8.444960251652894 -1.5926012722555412
24.64 -8.521380314293987 -1.3632134810425947
24.72 -8.577167460111662 -1.127127446307984
24.799999999999997 -8.61216245131861 -0.8853374022751134
24.880000000000003 -8.626519814285606 -0.6388711057299188
24.96 -8.620694373908178 -0.38878538359653037
25.04 -8.59541888140015 -0.1361608151431341
25.119999999999997 -8.551673978490522 0.1179045898956344
25.200000000000003 -8.490651993495712 0.3723026970637699
25.28 -8.413716225608997 0.6259233747977767
25.36 -8.322357442739028 0.8776631734541858
25.439999999999998 -8.21814930094047 1.1264342192942018
25.520000000000003 -8.102704300263538 1.3711729655256348
25.6 -7.977631736555159 1.610848461761817
25.68 -7.8444989071721265 1.8444698550755207
25.759999999999998 -7.704796597008672 2.071092909685301
25.840000000000003 -7.559909625043528 2.2898254170763024
25.92 -7.411092984329406 2.499831453761832
26. -7.259453870919624 2.7003345214548022
26.08 -7.10593967791524 2.890619668028584
26.159999999999997 -6.951331835113478 3.070034733677229
26.240000000000002 -6.796245205772654 3.237990893770394
26.32 -6.641132611019126 3.3939626786865227
26.4 -6.486293939171347 3.5374876434527525
26.479999999999997 -6.33188921070345 3.6681658394568277
26.560000000000002 -6.177954908092096 3.7856592104773648
26.64 -6.024422841659544 3.8896909996473528
26.72 -5.871140806057747 3.980045216415419
26.799999999999997 -5.717894285571134 4.0565661764015095
26.880000000000003 -5.564428488541036 4.119158094978138
26.96 -5.410470030406801 4.167784689487018
27.04 -5.255747639603649 4.202468726505123
27.119999999999997 -5.100011329115908 4.223291440050472
27.200000000000003 -4.943049556787594 4.2303917439129695
27.28 -4.784703987174161 4.223965165662015
27.36 -4.624881563999253 4.2042624401131325
27.439999999999998 -4.463563702121466 4.171587714613416
27.520000000000003 -4.30081250805864 4.126296335798764
27.6 -4.136774035264966 4.068792205850551
27.68 -3.971678671333578 3.9995247143000756
27.759999999999998 -3.805838836215617 3.91898526789092
27.840000000000003 -3.639644240978966 3.8277034550698716
27.92 -3.4735550137021196 3.726242892807639
28. -3.3080930416378296 3.615196811468847
28.08 -3.1438319062712874 3.495183438432397
28.160000000000004 -2.981385800536607 3.366841243391736
28.240000000000002 -2.8213978160578628 3.2308241081525226
28.32 -2.6645279742048027 3.087796481755779
28.4 -2.511441349760459 2.938428578356516
28.479999999999997 -2.3627966021380304 2.783391670896946
28.560000000000002 -2.219235188560791 2.623353528590668
28.64 -2.081371488619525 2.4589740408540766
28.72 -1.9497840222858807 2.290901064801409
28.799999999999997 -1.8250078956914395 2.119766527912556
28.880000000000003 -1.7075285624775731 1.9461828121043476
28.96 -1.5977769446633543 1.7707394402768157
29.04 -1.4961259168666157 1.5940000815392983
29.119999999999997 -1.4028881221365601 1.4164998868154668
29.200000000000003 -1.3183150571399815 1.2387431624450844
29.28 -1.2425973392569871 1.0612013858018565
29.36 -1.1758660483508792 0.884311563883493
29.439999999999998 -1.118195021467689 0.7084749333447841
29.520000000000003 -1.0696039692427062 0.5340559985667985
29.6 -1.0300622779892838 0.3613819031027059
29.68 -0.9994933608832154 0.1907421292146026
29.759999999999998 -0.9777794248475227 0.02238852020522258
29.840000000000003 -0.9647665261670428 -0.1434643791717368
29.92 -0.960269796986086 -0.3066386678069784
30. -0.9640787361252158 -0.4669921207881001
30.08 -0.9759624705692166 -0.6244169092964188
30.160000000000004 -0.9956749080125296 -0.7788380053269326
30.240000000000002 -1.0229597155086705 -0.9302112660730883
30.32 -1.057555074086141 -1.0785211900990541
30.4 -1.0991981737115986 -1.2237783348099112
30.479999999999997 -1.1476294267641285 -1.366016382462404
30.560000000000002 -1.2025963907992507 -1.5052888403291562
30.64 -1.2638574023917661 -1.641665359992997
30.72 -1.3311849327992522 -1.7752276615232738
30.799999999999997 -1.4043686826101385 -1.9060650509477632
30.880000000000003 -1.483218435924085 -2.034269524504612
30.96 -1.567566694426113 -2.159930461180635
31.04 -1.6572711074157513 -2.2831289165462363
31.119999999999997 -1.752216704901752 -2.403931546345733
31.200000000000003 -1.8523179268081618 -2.5223842080270185
31.28 -1.9575204218241233 -2.638505312507073
31.36 -2.0678025643788356 -2.7522790267703914
31.439999999999998 -2.183176607903899 -2.8636484597663046
31.520000000000003 -2.3036893577429494 -2.9725089983780935
31.6 -2.4294222092383047 -3.0787019952612957
31.68 -2.5604903579327787 -3.1820090437462816
31.759999999999998 -2.6970409526659416 -3.2821471038326493
31.840000000000003 -2.839249932761629 -3.378764764143278
31.92 -2.9873172725272497 -3.4714399338426034
32. -3.141460355572102 -3.559679252269031
32.08 -3.301905223900905 -3.642919479102629
32.160000000000004 -3.4688754978691865 -3.720531081853804
32.24 -3.642578847260243 -3.791824169216802
32.32 -3.8231910132874796 -3.8560568290112474
32.4 -4.010837535591147 -3.912445820754139
32.48 -4.205573522878892 -3.9601794503391368
32.56 -4.407362011970241 -3.9984323250859846
32.64 -4.616051674441867 -4.02638156080896
32.72 -4.831354835475227 -4.043223899314354
32.8 -5.052826945583691 -4.048193106383284
32.88 -5.279848770969805 -4.040576967989615
32.96 -5.51161262172703 -4.019733195737657
33.04 -5.747113901922427 -3.985103597549916
33.12 -5.985149131128874 -3.9362259680482574
33.2 -6.224321351130055 -3.872743300405351
33.28 -6.4630535022739775 -3.7944101066584524
33.36 -6.699609949548296 -3.7010958392557627
33.44 -6.932125886147522 -3.592785610897851
33.52 -7.158643875898435 -3.4695785885056654
33.6 -7.377156352057886 -3.3316845679879536
33.68 -7.585652504208833 -3.179419302476952
33.76 -7.782167687732836 -3.0131991497820185
33.84 -7.964833304095104 -2.8335355276615366
33.92 -8.131925037456577 -2.641029531592686
34. -8.281907396097248 -2.4363669011993476
34.08 -8.413472688190607 -2.220313345432348
34.160000000000004 -8.525572844809732 -1.9937100802176007
34.24 -8.61744286668035 -1.7574693183275096
34.32 -8.68861508908218 -1.512569394282668
34.4 -8.738923903572807 -1.2600492117578361
34.48 -8.768501018072177 -1.001001761828298
34.56 -8.777761752600009 -0.7365665639507828
34.64 -8.767383234335359 -0.46792100916378604
34.72 -8.738275655445385 -0.19627071644025415
34.8 -8.691547978715194 0.0771608701073937
34.88 -8.628469614104484 0.35114332761488815
34.96 -8.550429644574834 0.6244501785785442
35.04 -8.458895157872345 0.8958695166592267
35.12 -8.355370152569927 1.164213985357769
35.2 -8.241356344556557 1.428329818486349
35.28 -8.118317018622434 1.6871047302067208
35.36 -7.987644863125492 1.9394745320182372
35.44 -7.850634507075827 2.1844284444974402
35.52 -7.708460259593403 2.4210131543138798
35.6 -7.562159340496581 2.6483357356034762
35.68 -7.412620694234958 2.8655656050549503
35.76 -7.260579301783058 3.0719357101724274
35.84 -7.106615748857191 3.2667431603223727
35.92 -6.951160674935175 3.4493495021537903
36. -6.794503616114154 3.6191808178478397
36.08 -6.636805665410897 3.7757277901972452
36.160000000000004 -6.4781153060973145 3.9185458369007353
36.24 -6.31838672642706 4.047255371840705
36.32 -6.157499897169328 4.161542207328978
36.4 -5.995281686263108 4.261158071685908
36.48 -5.8315272971847465 4.345921183635012
36.56 -5.66602134861742 4.415716800655189
36.64 -5.498557961777919 4.470497643530539
36.72 -5.328959286778639 4.5102840939731665
36.8 -5.157091978726422 4.535164065701586
36.88 -4.982881225206203 4.545292460447621
36.96 -4.806322026253601 4.540890137331837
37.04 -4.627487532272451 4.522242344924558
37.12 -4.446534350764924 4.489696588107969
37.2 -4.263704835321895 4.44365992471982
37.28 -4.079326466332671 4.384595708318203
37.36 -3.893808519008234 4.313019812086454
37.44 -3.7076362877887914 4.229496384129659
37.52 -3.5213631949979134 4.134633195863024
37.6 -3.3356011544418984 4.029076652876405
37.68 -3.151009587126951 3.913506541882673
37.76 -2.968283496720253 3.7886305886060274
37.84 -2.788141007870664 3.6551789003218005
37.92 -2.611310752687724 3.5138983638083867
38. -2.438519461603324 3.365547065247534
38.08 -2.270480076862969 3.2108887935565527
38.160000000000004 -2.1078806624612687 3.0506876830914993
38.24 -1.951374335869517 2.8857030458612396
38.32 -1.80157039667576 2.716684437492658
38.4 -1.6590267772842862 2.5443669952753263
38.48 -1.524243892822498 2.3694670807496516
38.56 -1.3976599227455264 2.1926782535240514
38.64 -1.2796475163384444 2.0146675973524313
38.72 -1.1705118790910534 1.836072414019684
38.8 -1.0704901671468459 1.657497295321608
38.88 -0.9797520928478323 1.4795115784465485
38.96 -0.8984016257293219 1.3026471854262793
39.04 -0.8264796599186857 1.127396843077961
39.12 -0.7639675103895621 0.954212676051215
39.2 -0.7107910964611617 0.7835051622580445
39.28 -0.6668256707996216 0.615642437120483
39.36 -0.6319009554358853 0.45094993073462897
39.44 -0.6058065524187387 0.2897103202267144
39.52 -0.5882975051385287 0.1321637782710465
39.6 -0.5790998965821366 -0.02149150204519495
39.68 -0.5779163823410666 -0.17109852608494105
39.76 -0.5844315686667404 -0.31654048005507657
39.84 -0.5983171588726135 -0.45773949592702295
39.92 -0.6192368045956983 -0.5946552165365376
40. -0.6468506115753138 -0.7272831766433829
40.08 -0.6808192624582399 -0.8556530133514934
40.160000000000004 -0.7208077315164477 -0.9798265164397881
40.24 -0.766488577923073 -1.099895525891548
40.32 -0.8175448152660363 -1.2159796803186387
40.4 -0.8736723652020588 -1.3282240161641852
40.48 -0.9345821125023369 -1.4367964136683364
40.56 -1.0000015871591472 -1.5418848817575845
40.64 -1.0696763066607295 -1.643694670454788
40.72 -1.1433708179458952 -1.742445196313813
40.8 -1.220869483855458 -1.8383667639897059
40.88 -1.3019770630257281 -1.931697065609936
40.96 -1.3865191350116564 -2.0226774393739406
41.04 -1.4743424238490426 -2.111548870045849
41.12 -1.5653150730877634 -2.1985477169837266
41.2 -1.6593269233303058 -2.283901160325607
41.28 -1.756289839219317 -2.367822363158749
41.36 -1.8561381263118557 -2.450505357128469
41.44 -1.9588290689889818 -2.532119671130843
41.52 -2.064343608071082 -2.612804737538932
41.6 -2.1726871607254203 -2.6926641277972228
41.68 -2.283890565175925 -2.771759689030959
41.76 -2.3980111083325095 -2.850105675268671
41.84 -2.5151335655900846 -2.927662990536077
41.92 -2.635371148788918 -3.004333685844202
42. -2.75886622115299 -3.0799558771766122
42.08 -2.885790597924115 -3.154299275965252
42.160000000000004 -3.016345210111319 -3.2270615459463183
42.24 -3.150758868887581 -3.297865719083683
42.32 -3.289285833346007 -3.3662589164079812
42.4 -3.4322018593854136 -3.431712624661426
42.480000000000004 -3.579798398320214 -3.493624773616783
42.56 -3.732374627133906 -3.551323838567013
42.64 -3.8902270351894392 -3.6040751543631053
42.72 -4.053636371222581 -3.6510895684636746
42.8 -4.2228518745261345 -3.691534478638971
42.88 -4.398072877338301 -3.724547195872983
42.96 -4.57942806923686 -3.7492504467703975
43.04 -4.766952950860363 -3.764769687777342
43.12 -4.960566259404993 -3.7702517548231604
43.2 -5.1600464016846415 -3.7648842292193123
43.28 -5.365009156669368 -3.747914779395209
43.36 -5.574888079896223 -3.718669655353461
43.44 -5.788919128872411 -3.67657048497389
43.52 -6.006131007562974 -3.62114856149479
43.6 -6.225342583504316 -3.552055926447373
43.68 -6.445168458934967 -3.469072740027798
43.76 -6.664033387430725 -3.3721106791118483
43.84 -6.880195743923582 -3.261212389353712
43.92 -7.091779715098824 -3.136547311302586
44. -7.296815323766586 -2.998404466143806
44.080000000000005 -7.493284882664697 -2.8471829904347916
44.160000000000004 -7.679174034998902 -2.6833813238680504
44.24 -7.852525217337392 -2.5075859643989293
44.32 -8.01149119947751 -2.3204606109444614
44.4 -8.154386325798141 -2.1227363308268576
44.48 -8.27973319998156 -1.9152031458404828
44.559999999999995 -8.386302804536106 -1.6987031640216246
44.63999999999999 -8.473146404322888 -1.4741251323623894
44.720000000000006 -8.539618019769097 -1.2424000825049628
44.800000000000004 -8.585386738695085 -1.0044976105783447
44.88 -8.610438633858587 -0.7614222844495363
44.96 -8.615068536524058 -0.5142097040097146
45.04 -8.599862358342254 -0.26392183847746725
45.12 -8.565671032852487 -0.011641407098589497
45.199999999999996 -8.513577447947537 0.24153476922236808
45.279999999999994 -8.444857951681552 0.49450336214546076
45.36000000000001 -8.360940132244359 0.7461628623705171
45.440000000000005 -8.263358601309346 0.9954223329030182
45.52 -8.153710456146133 1.2412102363290234
45.6 -8.033611972055802 1.4824829798357486
45.68 -7.904657897749716 1.7182328560690057
45.76 -7.768384508531509 1.9474951206333704
45.839999999999996 -7.626237331551408 2.1693540270743785
45.919999999999995 -7.4795442087159705 2.382947726580775
46.00000000000001 -7.3294941184785545 2.587472022783873
46.080000000000005 -7.177121947480156 2.7821830444157056
46.160000000000004 -7.023299193860463 2.9663989551635375
46.24 -6.86873040037553 3.1395008582171515
46.32 -6.7139549594450445 3.3009330723002446
46.4 -6.559353804399512 3.45020295771549
46.48 -6.4051604007911545 3.586880457691239
46.559999999999995 -6.251475377295972 3.7105974954970513
46.63999999999999 -6.098284085717828 3.821047335149521
46.720000000000006 -5.945476352118807 3.9179839768797637
46.800000000000004 -5.792867674447725 4.001221621392921
46.88 -5.640221134625925 4.07063420239716
46.96 -5.487269323385203 4.126154957327923
47.04 -5.333735622758621 4.167775983367458
47.12 -5.179354252335927 4.195547710721789
47.199999999999996 -5.0238885593868465 4.209578217898367
47.279999999999994 -4.867147117523995 4.210032314036694
47.36000000000001 -4.708997291193568 4.197130320206934
47.440000000000005 -4.549376021079573 4.171146493677374
47.52 -4.388297685359479 4.132407054890137
47.6 -4.225858990410592 4.081287794627779
47.68 -4.062240938790336 4.018211257063865
47.76 -3.89770800907916 3.9436435117148307
47.839999999999996 -3.732604758794513 3.8580905427179815
47.919999999999995 -3.5673501258921956 3.7620942966235007
48.00000000000001 -3.4024297548020774 3.6562284396472893
48.080000000000005 -3.2383867086297817 3.541093882004549
48.160000000000004 -3.075810949891273 3.417314130707827
48.24 -2.9153279784097883 3.2855305334025973
48.32 -2.7575870078559523 3.1463974748679093
48.4 -2.603249043385394 3.000577585194678
48.48 -2.452975193814837 2.8487370148175697
48.559999999999995 -2.3074155149018134 2.6915408269096766
48.64000000000001 -2.1671986377397294 2.529648552476637
48.720000000000006 -2.0329223902252704 2.3637099480594834
48.800000000000004 -1.9051455720224861 2.1943609904614854
48.88 -1.7843809962547594 2.0222201374942044
48.96 -1.6710898658523483 1.8478848784942388
49.04 -1.5656775103276654 1.6719285933799277
49.12 -1.4684904706990745 1.4948977343704228
49.199999999999996 -1.3798148870115932 1.3173093402407225
49.279999999999994 -1.2998761148179638 1.1396488892001888
49.36000000000001 -1.2288394742650328 0.9623684932126457
49.440000000000005 -1.1668120180631167 0.7858854338705314
49.52 -1.1138451924276747 0.610581037829576
49.6 -1.069938257773802 0.4367998883270472
49.68 -1.0350423331233882 0.2648493684524014
49.76 -1.0090649293936569 0.0949995316083715
49.839999999999996 -0.9918748414689671 -0.07251670502851476
49.919999999999995 -0.9833072766867464 -0.23750304730142877
50.00000000000001 -0.9831691075506082 -0.39979899292010357
50.080000000000005 -0.99124414858142 -0.5592786822556575
50.160000000000004 -1.0072983706993577 -0.7158494287084923
50.24 -1.0310849808841813 -0.8694499237509477
50.32 -1.0623493095923506 -1.0200481091106122
50.4 -1.1008334630402787 -1.1676387059933737
50.48 -1.1462807115308247 -1.312240388976211
50.559999999999995 -1.1984395980477323 -1.4538925905110482
50.64000000000001 -1.2570677629133094 -1.5926519212183583
50.720000000000006 -1.3219354899272378 -1.7285881917187707
50.800000000000004 -1.3928289865885768 -1.8617800241213793
50.88 -1.4695534152328795 -1.9923100459759961
50.96 -1.5519356926467862 -2.120259667048129
51.04 -1.6398270723988844 -2.2457034502309265
51.12 -1.733105516205472 -2.368703102752592
51.199999999999996 -1.831677847643773 -2.4893011329350094
51.279999999999994 -1.9354816630879514 -2.6075142412677987
51.36000000000001 -2.0444869507374035 -2.723326542343068
51.440000000000005 -2.158697339271759 -2.836682745699492
51.52 -2.2781508637142367 -2.947481457794141
51.6 -2.402920098905687 -3.0555688025141032
51.68 -2.5331114727692725 -3.1607325915734914
51.76 -2.6688635353806807 -3.262697305914725
51.839999999999996 -2.8103439298241155 -3.36112017143237
51.919999999999995 -2.957744791857122 -3.455588623206922
52.00000000000001 -3.111276303161406 -3.545619448220024
52.080000000000005 -3.2711581433027823 -3.6306598737997953
52.160000000000004 -3.437608634048067 -3.710090825250471
52.24 -3.6108314508352994 -3.7832325099665
52.32 -3.7909998924790993 -3.84935239730778
52.4 -3.978238851170648 -3.9076755561888548
52.48 -4.172604806369785 -3.95739719060464
52.559999999999995 -4.374064369819875 -3.9976970843548596
52.64000000000001 -4.582472121740258 -4.0277555392662485
52.720000000000006 -4.797548683273355 -4.0467702770240415
52.800000000000004 -5.018860147435064 -4.053973684799916
52.88 -5.24580011873444 -4.048649730382385
52.96 -5.477575669729148 -4.030149862947043
53.04 -5.713198494009651 -3.997907257278518
53.12 -5.951482408511261 -3.9514488538275274
53.199999999999996 -6.19104813105305 -3.8904047902304173
53.279999999999994 -6.430335938884306 -3.8145150011485733
53.36000000000001 -6.6676264181289095 -3.723632965592519
53.440000000000005 -6.901069068787135 -3.617726782710794
53.52 -7.128718068268942 -3.4968779346932943
53.6 -7.348574054375789 -3.361278226779962
53.68 -7.558630401366278 -3.211225462451898
53.76 -7.7569221607531285 -3.0471184083400558
53.839999999999996 -7.941575644599179 -2.8694515303813577
53.919999999999995 -8.110856556488452 -2.6788098530983833
54.00000000000001 -8.263214627091232 -2.4758641290706676
54.080000000000005 -8.39732288063839 -2.26136633226851
54.160000000000004 -8.512109930805732 -2.0361453338555937
54.24 -8.606784058310488 -1.8011025050903198
54.32 -8.680848232539898 -1.5572069339097854
54.4 -8.734105678313991 -1.3054899446921153
54.48 -8.766656028890996 -1.047038669664775
54.559999999999995 -8.778882521774118 -0.7829885224134232
54.64000000000001 -8.771431062379234 -0.5145145506171854
54.720000000000006 -8.745182284514586 -0.24282177650116848
54.800000000000004 -8.70121796390014 0.030865249025246802
54.88 -8.640783285720048 0.30531336335979375
54.96 -8.565246529578683 0.5792918131038973
55.04 -8.476057720673019 0.8515829996566995
55.12 -8.374707714272525 1.120992595917873
55.199999999999996 -8.262689044354966 1.3863587370606691
55.279999999999994 -8.141459690605004 1.6465600665716673
55.36000000000001 -8.012410715152514 1.9005225083363932
55.440000000000005 -7.876838504529496 2.147224726531033
55.52 -7.735922134735484 2.38570231881868
55.6 -7.590706166963884 2.6150508582695613
55.68 -7.4420889851684535 2.83442795123334
55.76 -7.290816608578489 3.0430545100657724
55.839999999999996 -7.137481755098201 3.240215451207123
55.919999999999995 -6.982527796320369 3.425260022330057
56.00000000000001 -6.826257131831376 3.5976019400735852
56.080000000000005 -6.668843419222919 3.756719486023603
56.160000000000004 -6.510347026161985 3.902155667230424
56.24 -6.350733021458308 4.033518502837956
56.32 -6.189890992822411 4.150481454233826
56.4 -6.027655969529701 4.252783975875285
56.48 -5.863829738089955 4.340232130272499
56.559999999999995 -5.698201867669184 4.412699185378223
56.64000000000001 -5.530569808530519 4.470126096829263
56.720000000000006 -5.360757489741438 4.512521771277068
56.800000000000004 -5.188631919920216 4.539963009814051
56.88 -5.014117384284782 4.552594041026153
56.96 -4.837206929643461 4.550625569782508
57.04 -4.657970932665323 4.534333288563505
57.12 -4.476562651952786 4.504055820922809
57.199999999999996 -4.293220767219763 4.460192089704289
57.279999999999994 -4.108269005495437 4.40319812428439
57.36000000000001 -3.922113041337327 4.3335833401636465
57.440000000000005 -3.7352349327415166 4.251906339886707
57.52 -3.5481854146320564 4.158770296149817
57.6 -3.3615744161858423 4.0548179860483975
57.68 -3.176060196281349 3.9407265500038693
57.76 -2.992337503328779 3.8172020504640467
57.839999999999996 -2.81112516264335 3.684973904574195
57.919999999999995 -2.6331534779492154 3.544789262248866
58.00000000000001 -2.459151805581069 3.3974073969845935
58.080000000000005 -2.289836622801503 3.2435941717924224
58.160000000000004 -2.1259003678245705 3.0841166371423463
58.24 -1.968001281056491 2.9197378120465776
58.32 -1.816754427019976 2.751211693523688
58.4 -1.6727240264646044 2.5792785337771797
58.48 -1.5364171800243833 2.404660418547907
58.559999999999995 -1.4082790198707085 2.228057174300618
58.64000000000001 -1.288689285177194 2.0501426262194715
58.720000000000006 -1.177960281585076 1.8715612234591248
58.800000000000004 -1.076336154653586 1.6929250427807585
58.88 -0.9839933826506769 1.5148111766532286
58.96 -0.9010423749284705 1.3377595071788524
59.04 -0.8275300482965794 1.162270862864856
59.12 -0.7634432448961515 0.9888055513519819
59.199999999999996 -0.7087128506344579 0.8177822577652445
59.279999999999994 -0.663218472756519 0.6495772953921687
59.36000000000001 -0.6267935380679494 0.48452419293511273
59.440000000000005 -0.5992306791386168 0.3229136006338016
59.52 -0.5802872839745504 0.16499349611633077
59.6 -0.5696910946400026 0.010969669916112007
59.68 -0.5671457516686917 -0.13899352980655805
59.76 -0.572336193396267 -0.2847722136699528
59.839999999999996 -0.5849338321951303 -0.42628174827016213
59.919999999999995 -0.6046014426717639 -0.5634753526382984
60.00000000000001 -0.6309977099172164 -0.6963425106840071
60.080000000000005 -0.6637813986600867 -0.8249072141004885
60.160000000000004 -0.702615116473646 -0.9492260474690492
60.24 -0.747168655895637 -1.0693861241318623
60.32 -0.7971219113210566 -1.1855028778771939
60.4 -0.8521673767441379 -1.297717711701402
60.48 -0.9120122397921748 -1.4061955010040421
60.559999999999995 -0.9763800959616364 -1.5111219446879698
60.64000000000001 -1.0450123144901247 -1.61270075395141
60.720000000000006 -1.1176690938310059 -1.7111506652722994
60.800000000000004 -1.194130250186708 -1.8067022614144728
60.88 -1.2741957869340395 -1.8995945824661842
60.96 -1.3576862959525033 -1.9900715082007379
61.04 -1.4444432437239523 -2.0783778936830113
61.12 -1.5343291954610294 -2.1647554422908764
61.199999999999996 -1.6272280292430945 -2.2494383044264223
61.279999999999994 -1.7230451889505967 -2.332648396389283
61.36000000000001 -1.821708019398113 -2.4145904423730076
61.440000000000005 -1.9231662191244807 -2.4954467534759726
61.52 -2.0273924354245207 -2.575371771078308
61.6 -2.134383011973531 -2.654486417927618
61.68 -2.244158881401895 -2.732872318705306
61.76 -2.3567665730362064 -2.8105659724974226
61.839999999999996 -2.4722792794764183 -2.887552982129632
61.919999999999995 -2.590797894652858 -2.963762469258638
62.00000000000001 -2.7124519007224492 -3.0390618287879607
62.080000000000005 -2.8373999423265643 -3.11325200074716
62.160000000000004 -2.9658298856244465 -3.1860634611462952
62.24 -3.097958118288989 -3.257153154089973
62.32 -3.234027808393352 -3.3261026038142263
62.4 -3.3743058090941918 -3.3924174550437174
62.48 -3.5190778776301257 -3.4555286904036047
62.559999999999995 -3.6686418778504906 -3.514795761348495
62.64000000000001 -3.823298662339221 -3.5695118407132207
62.720000000000006 -3.983340390260044 -3.618911357135456
62.800000000000004 -4.149036136335166 -3.6621799014718435
62.88 -4.320614788575829 -3.698466501503876
62.96 -4.49824541752127 -3.7268981444613076
63.04 -4.682015522737444 -3.7465962909037276
63.12 -4.871907812066724 -3.75669497559927
63.199999999999996 -5.067776428077735 -3.7563599422908633
63.279999999999994 -5.269323780988177 -3.7448081241092646
63.36000000000001 -5.476079350489839 -3.7213266766529554
63.440000000000005 -5.687381951425252 -3.685290713623593
63.52 -5.90236699346001 -3.6361789005828067
63.6 -6.119960182301171 -3.5735861411487755
63.68 -6.3388788994345955 -3.4972327443659723
63.76 -6.55764216170852 -3.4069696848394524
63.839999999999996 -6.774589618726619 -3.3027798407256657
63.919999999999995 -6.98790952589116 -3.1847753914527868
64. -7.195675075654222 -3.053191843230196
64.08000000000001 -7.39588792631312 -2.908379390397953
64.16 -7.586527283787513 -2.750792482903849
64.24000000000001 -7.7656025083789055 -2.5809785328604975
64.32 -7.931206966228216 -2.39956664841482
64.4 -8.081570741098746 -2.207257139137686
64.47999999999999 -8.215109869235388 -2.0048123166988985
64.56 -8.330469948334821 -1.7930488515463647
64.64000000000001 -8.426562280917054 -1.5728316794320683
64.72 -8.50259111518545 -1.3450692180602433
64.80000000000001 -8.558071011671535 -1.1107094832563738
64.88 -8.59283385936224 -0.8707366033642059
64.96000000000001 -8.60702555953507 -0.6261672238804759
65.03999999999999 -8.6010928610189 -0.3780463626771749
65.12 -8.575761243019318 -0.12744240071788657
65.19999999999999 -8.532005082093846 0.12455895041484194
65.28 -8.471011595356172 0.3768617000726669
65.36000000000001 -8.394140215785255 0.6283674984113281
65.44 -8.30287912722054 0.8779841601296013
65.52000000000001 -8.198800671563298 1.1246344566057733
65.6 -8.083517249157335 1.367264815173338
65.68 -7.958639179022486 1.6048535801568204
65.75999999999999 -7.825735784413828 1.836418539816257
65.84 -7.686300737399659 2.0610234960337652
65.91999999999999 -7.5417224492988755 2.277783738155942
66. -7.393260045613186 2.4858703684595547
66.08000000000001 -7.242025225601131 2.684513505542449
66.16 -7.088970086316289 2.873004457254
66.24000000000001 -6.934880794355817 3.050697002718027
66.32 -6.780376818974612 3.2170079520735406
66.4 -6.625915298840377 3.3714171632272762
66.47999999999999 -6.47180000135324 3.51346718916143
66.56 -6.318194246978032 3.642762710209049
66.64000000000001 -6.165137109808274 3.758969876799131
66.72 -6.0125621677519785 3.861815653315413
66.80000000000001 -5.860318059510722 3.9510872165752717
66.88 -5.708190109253139 4.0266314263599865
66.96000000000001 -5.555922301976492 4.088354353143031
67.03999999999999 -5.403238931533267 4.136220821778545
67.12 -5.249865297593428 4.17025391074786
67.19999999999999 -5.095546895708268 4.190534335247308
67.28 -4.9400666240904005 4.1971996388413775
67.36000000000001 -4.783259619434504 4.190443121915518
67.44 -4.625025429351709 4.17051244460498
67.52000000000001 -4.465337327803152 4.1377078557754
67.6 -4.304248679142193 4.092380016378082
67.68 -4.141896352729608 4.034927403503757
67.75999999999999 -3.9785012804989486 3.9657932992547047
67.84 -3.8143663314171814 3.8854623849440446
67.91999999999999 -3.649871747127767 3.7944569752426442
68. -3.4854684402903566 3.6933329381689832
68.08000000000001 -3.3216695000447847 3.582675355040383
68.16 -3.1590402770858463 3.463093979725079
68.24000000000001 -2.998187434182624 3.335218559003098
68.32 -2.839747347389412 3.1996940759591284
68.4 -2.6843742299688276 3.0571759765383173
68.47999999999999 -2.5327283269031726 2.9083254361614443
68.56 -2.3854644948174633 2.7538047190357307
68.64000000000001 -2.24322144233255 2.594272677875398
68.72 -2.1066118614922527 2.4303804364445405
68.80000000000001 -1.9762136340661836 2.2627672918837414
68.88 -1.8525622491383527 2.092056868334524
68.96000000000001 -1.736144522133492 1.9188535480657425
69.03999999999999 -1.6273936617123317 1.7437392012202346
69.12 -1.526685690885378 1.567270230522012
69.19999999999999 -1.4343371930721842 1.389974942881955
69.28 -1.3506043232014449 1.2123512558777023
69.36000000000001 -1.2756829986048326 1.034864743619553
69.44 -1.2097101644823096 0.8579470235997116
69.52000000000001 -1.1527660140133524 0.681994483797525
69.6 -1.104877033522125 0.5073673476058346
69.68 -1.066019738126526 0.3343890730666015
69.75999999999999 -1.0361249625869602 0.16334608245639573
69.84 -1.0150825751345292 -0.005512181574270198
69.91999999999999 -1.002746488382891 -0.17197287635929376
70. -0.9989398504727676 -0.33585905784722925
70.08000000000001 -1.0034603108196314 -0.4970286575296812
70.16 -1.0160852676922265 -0.655373135558349
70.24000000000001 -1.0365770188153554 -0.8108158055228423
70.32 -1.06468775075049 -0.9633098237964701
70.4 -1.1001643174675324 -1.1128358338182813
70.47999999999999 -1.1427527727966955 -1.259399253384391
70.56 -1.1922026348668742 -1.4030271912415029
70.64000000000001 -1.2482708727222962 -1.5437649783416996
70.72 -1.3107256155799343 -1.681672299424079
70.80000000000001 -1.3793495931422943 -1.8168189125910645
70.88 -1.4539433204943566 -1.9492799487559787
70.96000000000001 -1.5343280428339057 -2.0791307897958577
71.03999999999999 -1.620348453051473 -2.2064415344984307
71.12 -1.7118751884344063 -2.3312710754485657
71.19999999999999 -1.8088071010143418 -2.45366082825708
71.28 -1.9110732789237614 -2.573628177205328
71.36000000000001 -2.0186347734048335 -2.6911597283926776
71.44 -2.131485957977852 -2.806204492373073
71.52000000000001 -2.249655413358522 -2.9186671520982443
71.6 -2.373206195284774 -3.0284016072157804
71.68 -2.5022353045192065 -3.1352050202232604
71.75999999999999 -2.636872141892731 -3.238812620847838
71.84 -2.777275700266359 -3.3388935489316847
71.91999999999999 -2.9236302245389325 -3.435048029324363
72. -3.0761390658629177 -3.5268061709726855
72.08000000000001 -3.235016472939662 -3.613628663027661
72.16 -3.4004771072793374 -3.694909600571783
72.24000000000001 -3.572723145331431 -3.7699816099792764
72.32 -3.7519289411952883 -3.8381233591353365
72.4 -3.9382233692647737 -3.898569433046396
72.47999999999999 -4.131670143011098 -3.950522435354943
72.56 -4.332246606353334 -3.993167047882294
72.64000000000001 -4.5398217053865055 -4.02568565259428
72.72 -4.754134054228574 -4.047275003988175
72.80000000000001 -4.974771189767982 -4.0571633463111905
72.88 -5.201151244938449 -4.0546273105028146
72.96000000000001 -5.432508338177351 -4.039007909990866
73.03999999999999 -5.667882960435962 -4.009724989172226
73.12 -5.906118528733685 -3.966289565741949
73.19999999999999 -6.145865063114465 -3.9083136445036892
73.28 -6.385590637855989 -3.835517255944892
73.36000000000001 -6.623600873831547 -3.74773267162677
73.44 -6.858066302100071 -3.644905949345754
73.52000000000001 -7.087056970954904 -3.5270961407608987
73.6 -7.308583225271426 -3.3944726304757498
73.68 -7.520641193153628 -3.247311150880731
73.75999999999999 -7.721261201596821 -3.085989022032939
73.84 -7.908557133945189 -2.9109801013406518
73.91999999999999 -8.080774651814103 -2.7228498053091994
74. -8.236336237361076 -2.5222504055227883
74.08000000000001 -8.373881163098892 -2.309916629267995
74.16 -8.492298752326748 -2.086661438632264
74.24000000000001 -8.590753633556883 -1.853371743762499
74.32 -8.668702092464162 -1.6110037420566794
74.4 -8.725899057855518 -1.3605775715561765
74.47999999999999 -8.762395696512646 -1.1031710200141
74.56 -8.778528009592339 -0.839912128896043
74.64000000000001 -8.774897197667997 -0.5719706562073835
74.72 -8.752342874138801 -0.3005484936527125
74.80000000000001 -8.711910444773348 -0.02686925343469068
74.88 -8.654814127784556 0.2478326669378905
74.96000000000001 -8.582397163264426 0.5223231767494263
75.03999999999999 -8.496090757727755 0.7953793592242024
75.12 -8.397373238017614 1.0657997532152497
75.19999999999999 -8.287730761138123 1.3324137422037747
75.28 -8.168620756590467 1.5940898195918023
75.36000000000001 -8.0414390796465 1.8497425881929475
75.44 -7.907491640956982 2.0983384433653387
75.52000000000001 -7.767971061528621 2.3388999745867585
75.6 -7.623938691669955 2.5705091925491614
75.68 -7.476312134996898 2.792309743444128
75.75999999999999 -7.325858238623594 3.0035083067102115
75.84 -7.173191351068561 3.2033753868980166
75.91999999999999 -7.018776511447305 3.3912457059570524
76. -6.86293711748928 3.5665183819985766
76.08000000000001 -6.705866525536586 3.7286570480718475
76.16 -6.547642962399588 3.87719002385376
76.24000000000001 -6.388247076239518 4.011710608556916
76.32 -6.227581421032326 4.131877518774363
76.4 -6.0654911563192115 4.237415453853803
76.47999999999999 -5.901785250420002 4.328115736509644
76.56 -5.736257500653119 4.403836949729569
76.64000000000001 -5.568706727443351 4.464505473736728
76.72 -5.3989555593101315 4.510115819105606
76.80000000000001 -5.226867300699438 4.5407306536066345
76.88 -5.052360462067605 4.556480429814633
76.96000000000001 -4.875420628484455 4.557562536330873
77.03999999999999 -4.696109445830651 4.544239915703386
77.12 -4.5145706086160615 4.516839114783826
77.19999999999999 -4.331032836627432 4.475747756418435
77.28 -4.145809925251434 4.421411443377822
77.36000000000001 -3.9592980429301305 4.354330125005802
77.44 -3.7719705258906635 4.275053973337492
77.52000000000001 -3.5843704827905305 4.184178827963479
77.6 -3.397101568770902 4.082341277631751
77.68 -3.210817318978377 3.9702134517284877
77.75999999999999 -3.0262094460557067 3.8484975968123467
77.84 -2.8439955052951222 3.7179205128570247
77.91999999999999 -2.6649063166036613 3.57922792137813
78. -2.489673506109294 3.433178833735546